avg_no_of_new_genes	no_of_genomes
4399.7	1
1458.7	2
879.9	3
1080	4
707.6	5
997.4	6
870.2	7
499	8
438.7	9
386.3	10
878.3	11
792.9	12
642.5	13
536.2	14
676.8	15
462	16
237.5	17
278.2	18
716.5	19
246.5	20
443.5	21
385.9	22
425.6	23
309.3	24
454.2	25
219.8	26
204	27
170.1	28
213	29
127.8	30
182.7	31
183.6	32
326.6	33
152.8	34
169.7	35
136.1	36
166.7	37
212.2	38
154.8	39
289	40
101.6	41
136.8	42
87.2	43
145.5	44
98.3	45
109.5	46
112.7	47
178.8	48
89.6	49
118	50
302.8	51
111.3	52
201.3	53
68.2	54
139.6	55
76.1	56
81.6	57
107.4	58
207	59
124	60
57	61
205.8	62
50.9	63
130.7	64
83.1	65
80.9	66
76	67
97.3	68
74.1	69
79.8	70
103.1	71
36.3	72
121.8	73
76.8	74
90.3	75
99.6	76
117.4	77
134.6	78
51.4	79
82	80
73.6	81
93.9	82
42.1	83
70.5	84
97.4	85
54.3	86
48.8	87
93.2	88
98.2	89
80.9	90
45.3	91
34.8	92
61.3	93
60.7	94
72.1	95
42.3	96
53.8	97
51.4	98
51.9	99
53.8	100
69.6	101
33.4	102
97.8	103
63.9	104
41.7	105
85.9	106
54.8	107
80.2	108
66.9	109
114.7	110
49.8	111
152.4	112
104	113
40.1	114
20.5	115
37.7	116
119.5	117
57.1	118
75	119
122.8	120
42.7	121
101.1	122
48.5	123
84.9	124
48.4	125
60	126
72	127
39.4	128
56.3	129
47.9	130
26.3	131
133.9	132
135.1	133
77.7	134
46.5	135
57.6	136
44	137
18.6	138
34.3	139
40.3	140
33.2	141
65.6	142
101.5	143
30.5	144
74.1	145
24.8	146
43.5	147
25.6	148
64.8	149
29.9	150
19.2	151
42.1	152
50.9	153
47	154
61.1	155
38.9	156
23.1	157
31.9	158
62.8	159
24.3	160
50.6	161
59.3	162
47.1	163
20.7	164
39.5	165
137.1	166
35.5	167
41	168
23.5	169
26.3	170
17.8	171
94.6	172
30.2	173
45.5	174
66.6	175
23.9	176
27.9	177
25	178
37.2	179
73.3	180
40.6	181
31.8	182
83.2	183
44.3	184
30.4	185
40.2	186
29.9	187
45.7	188
24.5	189
19	190
23.9	191
13.7	192
90.8	193
73	194
28.8	195
42.5	196
27	197
46.6	198
16.7	199
54.4	200
31.6	201
17	202
43.1	203
36.7	204
35	205
34.9	206
63.4	207
89.2	208
42	209
62.3	210
17.2	211
29.8	212
65.6	213
28.1	214
34.8	215
16.1	216
30.5	217
24.8	218
57.1	219
31.2	220
38	221
47.4	222
29.1	223
27.5	224
47.3	225
57.7	226
43.4	227
25.8	228
39	229
49.2	230
105.6	231
48.1	232
