time	A1	B1	C1	D1	E1	F1	G1	H1	A2	B2	C2	D2	E2	F2	G2	H2	A3	B3	C3	D3	E3	F3	G3	H3
0	0.102	0.129	0.139	0.121	0.145	0.126	0.121	0.085	0.098	0.129	0.14	0.12	0.141	0.127	0.121	0.095	0.102	0.138	0.149	0.124	0.148	0.126	0.123	0.09
15	0.102	0.13	0.152	0.123	0.155	0.135	0.126	0.084	0.099	0.131	0.151	0.121	0.151	0.133	0.127	0.095	0.105	0.137	0.158	0.124	0.154	0.134	0.128	0.089
30	0.103	0.134	0.16	0.125	0.16	0.14	0.13	0.084	0.099	0.135	0.16	0.123	0.159	0.138	0.13	0.095	0.105	0.143	0.165	0.126	0.161	0.139	0.131	0.089
45	0.103	0.136	0.167	0.126	0.165	0.147	0.133	0.084	0.099	0.137	0.165	0.128	0.163	0.144	0.133	0.094	0.106	0.144	0.171	0.128	0.166	0.145	0.133	0.089
60	0.103	0.139	0.169	0.132	0.168	0.151	0.136	0.084	0.1	0.14	0.17	0.131	0.165	0.147	0.139	0.094	0.106	0.147	0.176	0.131	0.168	0.149	0.135	0.089
75	0.103	0.142	0.175	0.133	0.169	0.154	0.14	0.084	0.1	0.141	0.169	0.13	0.166	0.152	0.143	0.094	0.106	0.149	0.178	0.134	0.17	0.153	0.139	0.089
90	0.103	0.141	0.173	0.132	0.17	0.156	0.141	0.084	0.1	0.143	0.168	0.131	0.167	0.151	0.146	0.094	0.106	0.149	0.181	0.137	0.173	0.157	0.142	0.089
105	0.103	0.141	0.175	0.132	0.17	0.153	0.142	0.084	0.1	0.143	0.173	0.129	0.167	0.155	0.15	0.094	0.106	0.15	0.179	0.138	0.174	0.16	0.146	0.089
120	0.103	0.141	0.174	0.132	0.171	0.149	0.144	0.084	0.101	0.143	0.172	0.132	0.169	0.156	0.151	0.094	0.107	0.15	0.183	0.14	0.176	0.163	0.15	0.088
135	0.104	0.142	0.178	0.132	0.17	0.151	0.145	0.084	0.101	0.144	0.174	0.132	0.169	0.153	0.15	0.094	0.106	0.151	0.182	0.14	0.178	0.167	0.154	0.089
150	0.104	0.144	0.18	0.134	0.171	0.152	0.147	0.084	0.101	0.145	0.175	0.133	0.172	0.157	0.153	0.093	0.107	0.152	0.184	0.14	0.18	0.168	0.153	0.088
165	0.104	0.144	0.181	0.134	0.171	0.153	0.15	0.084	0.102	0.146	0.173	0.134	0.173	0.159	0.155	0.094	0.107	0.152	0.186	0.14	0.182	0.166	0.156	0.088
180	0.104	0.145	0.186	0.134	0.17	0.156	0.152	0.084	0.102	0.147	0.179	0.135	0.173	0.158	0.159	0.093	0.107	0.154	0.192	0.141	0.183	0.164	0.163	0.088
195	0.104	0.145	0.189	0.135	0.17	0.156	0.156	0.084	0.102	0.149	0.183	0.135	0.173	0.156	0.163	0.093	0.108	0.154	0.197	0.142	0.182	0.165	0.163	0.088
210	0.104	0.145	0.191	0.135	0.168	0.156	0.16	0.084	0.102	0.15	0.186	0.136	0.174	0.158	0.168	0.094	0.108	0.154	0.203	0.144	0.183	0.166	0.166	0.088
225	0.104	0.146	0.193	0.136	0.166	0.159	0.164	0.084	0.103	0.151	0.195	0.137	0.174	0.157	0.176	0.093	0.108	0.155	0.21	0.143	0.183	0.168	0.173	0.088
240	0.104	0.146	0.198	0.136	0.166	0.159	0.17	0.084	0.103	0.151	0.2	0.138	0.173	0.157	0.18	0.093	0.108	0.156	0.217	0.144	0.172	0.163	0.178	0.088
255	0.105	0.147	0.202	0.137	0.165	0.161	0.175	0.084	0.103	0.153	0.205	0.139	0.175	0.159	0.188	0.093	0.108	0.159	0.224	0.145	0.179	0.162	0.183	0.088
270	0.105	0.148	0.209	0.137	0.167	0.162	0.183	0.084	0.103	0.155	0.215	0.139	0.174	0.161	0.196	0.093	0.109	0.16	0.23	0.146	0.182	0.163	0.188	0.088
285	0.105	0.149	0.217	0.137	0.168	0.162	0.19	0.084	0.104	0.155	0.22	0.141	0.175	0.162	0.202	0.093	0.109	0.162	0.238	0.146	0.171	0.167	0.193	0.088
300	0.106	0.15	0.225	0.138	0.169	0.162	0.197	0.084	0.105	0.158	0.225	0.143	0.175	0.163	0.215	0.093	0.11	0.163	0.246	0.148	0.179	0.166	0.201	0.088
315	0.106	0.151	0.231	0.138	0.169	0.163	0.205	0.084	0.107	0.158	0.232	0.144	0.176	0.165	0.224	0.093	0.111	0.164	0.248	0.148	0.176	0.167	0.21	0.088
330	0.107	0.152	0.241	0.139	0.169	0.165	0.214	0.084	0.108	0.16	0.235	0.146	0.175	0.166	0.235	0.093	0.112	0.167	0.252	0.149	0.174	0.168	0.215	0.088
345	0.108	0.153	0.249	0.139	0.17	0.166	0.22	0.084	0.109	0.162	0.239	0.146	0.174	0.167	0.243	0.093	0.113	0.169	0.26	0.149	0.177	0.169	0.223	0.088
360	0.108	0.154	0.254	0.14	0.17	0.166	0.229	0.084	0.11	0.164	0.248	0.148	0.177	0.167	0.257	0.093	0.114	0.171	0.269	0.15	0.178	0.171	0.231	0.088
375	0.109	0.154	0.259	0.141	0.17	0.167	0.235	0.084	0.112	0.165	0.253	0.149	0.179	0.168	0.265	0.093	0.115	0.173	0.269	0.151	0.18	0.17	0.239	0.088
390	0.11	0.155	0.263	0.142	0.17	0.168	0.24	0.084	0.114	0.168	0.264	0.15	0.178	0.169	0.275	0.093	0.118	0.175	0.279	0.152	0.179	0.173	0.246	0.088
405	0.112	0.156	0.268	0.144	0.17	0.17	0.245	0.084	0.116	0.169	0.27	0.151	0.178	0.17	0.283	0.093	0.119	0.175	0.282	0.153	0.18	0.173	0.255	0.088
420	0.114	0.157	0.274	0.145	0.17	0.171	0.248	0.084	0.118	0.17	0.27	0.152	0.18	0.171	0.291	0.093	0.121	0.177	0.286	0.154	0.18	0.174	0.261	0.088
435	0.115	0.158	0.282	0.146	0.17	0.173	0.252	0.084	0.121	0.172	0.28	0.154	0.179	0.171	0.299	0.093	0.123	0.178	0.286	0.155	0.181	0.175	0.27	0.088
450	0.117	0.159	0.285	0.146	0.172	0.173	0.254	0.084	0.124	0.174	0.278	0.154	0.182	0.172	0.296	0.093	0.126	0.187	0.29	0.157	0.183	0.177	0.278	0.088
465	0.119	0.159	0.289	0.149	0.171	0.175	0.254	0.084	0.128	0.176	0.285	0.156	0.183	0.173	0.296	0.093	0.129	0.192	0.294	0.159	0.185	0.177	0.292	0.088
480	0.121	0.16	0.294	0.15	0.171	0.177	0.256	0.084	0.131	0.178	0.29	0.158	0.187	0.174	0.297	0.092	0.132	0.194	0.298	0.16	0.188	0.18	0.305	0.088
495	0.123	0.161	0.297	0.151	0.171	0.178	0.254	0.084	0.135	0.181	0.292	0.159	0.189	0.175	0.301	0.093	0.135	0.197	0.302	0.161	0.192	0.182	0.319	0.089
510	0.126	0.161	0.296	0.152	0.171	0.179	0.254	0.084	0.14	0.183	0.291	0.16	0.192	0.177	0.295	0.093	0.139	0.2	0.303	0.163	0.196	0.182	0.327	0.089
525	0.13	0.162	0.298	0.153	0.172	0.179	0.257	0.084	0.145	0.191	0.294	0.16	0.196	0.178	0.294	0.092	0.142	0.208	0.306	0.165	0.197	0.183	0.324	0.089
540	0.133	0.162	0.299	0.155	0.169	0.181	0.254	0.084	0.15	0.195	0.299	0.162	0.198	0.179	0.294	0.093	0.148	0.208	0.308	0.166	0.197	0.184	0.321	0.089
555	0.136	0.163	0.3	0.156	0.17	0.182	0.253	0.085	0.156	0.2	0.298	0.163	0.2	0.179	0.293	0.093	0.153	0.212	0.306	0.166	0.199	0.185	0.316	0.089
570	0.141	0.163	0.303	0.158	0.17	0.182	0.259	0.085	0.163	0.203	0.298	0.163	0.204	0.18	0.292	0.093	0.158	0.209	0.308	0.167	0.2	0.186	0.311	0.09
585	0.145	0.163	0.307	0.158	0.17	0.184	0.256	0.085	0.17	0.21	0.301	0.164	0.21	0.182	0.29	0.093	0.165	0.208	0.308	0.168	0.203	0.187	0.312	0.09
600	0.149	0.164	0.308	0.159	0.169	0.184	0.252	0.085	0.178	0.219	0.298	0.166	0.217	0.181	0.29	0.094	0.171	0.209	0.311	0.169	0.202	0.186	0.309	0.09
615	0.155	0.164	0.312	0.16	0.17	0.184	0.25	0.085	0.186	0.23	0.299	0.166	0.224	0.182	0.289	0.094	0.178	0.208	0.314	0.17	0.206	0.187	0.307	0.09
630	0.16	0.165	0.314	0.161	0.169	0.186	0.249	0.086	0.194	0.238	0.304	0.167	0.228	0.183	0.285	0.095	0.185	0.21	0.314	0.171	0.204	0.188	0.307	0.09
645	0.166	0.165	0.313	0.162	0.169	0.187	0.25	0.086	0.203	0.247	0.305	0.168	0.233	0.183	0.284	0.095	0.19	0.217	0.311	0.172	0.207	0.189	0.303	0.09
660	0.173	0.165	0.313	0.163	0.168	0.187	0.25	0.086	0.211	0.253	0.308	0.167	0.243	0.183	0.283	0.095	0.201	0.222	0.314	0.173	0.211	0.189	0.301	0.09
675	0.18	0.166	0.311	0.163	0.168	0.189	0.25	0.086	0.219	0.26	0.307	0.169	0.25	0.185	0.279	0.095	0.208	0.236	0.316	0.174	0.211	0.189	0.299	0.09
690	0.187	0.166	0.312	0.164	0.168	0.189	0.249	0.086	0.226	0.265	0.309	0.17	0.253	0.185	0.276	0.095	0.217	0.241	0.316	0.176	0.217	0.19	0.292	0.09
705	0.194	0.166	0.313	0.165	0.168	0.19	0.246	0.086	0.233	0.271	0.307	0.17	0.253	0.185	0.271	0.095	0.225	0.241	0.315	0.175	0.214	0.191	0.293	0.09
720	0.201	0.167	0.314	0.166	0.168	0.19	0.246	0.086	0.239	0.272	0.308	0.171	0.259	0.186	0.268	0.095	0.231	0.245	0.313	0.176	0.216	0.193	0.292	0.09
735	0.208	0.167	0.316	0.165	0.168	0.191	0.246	0.086	0.244	0.275	0.309	0.17	0.259	0.187	0.267	0.095	0.239	0.248	0.313	0.177	0.223	0.193	0.291	0.09
750	0.214	0.167	0.312	0.166	0.167	0.191	0.244	0.086	0.248	0.276	0.309	0.17	0.261	0.188	0.273	0.095	0.244	0.248	0.314	0.176	0.228	0.193	0.288	0.09
765	0.219	0.168	0.313	0.168	0.166	0.191	0.246	0.086	0.252	0.278	0.31	0.172	0.262	0.188	0.27	0.096	0.249	0.245	0.315	0.177	0.229	0.194	0.287	0.09
780	0.223	0.167	0.312	0.167	0.167	0.192	0.242	0.086	0.256	0.281	0.312	0.171	0.268	0.189	0.268	0.095	0.254	0.246	0.313	0.178	0.23	0.194	0.289	0.09
795	0.227	0.168	0.313	0.167	0.168	0.193	0.242	0.086	0.261	0.281	0.314	0.17	0.27	0.19	0.27	0.096	0.257	0.247	0.313	0.179	0.231	0.195	0.288	0.09
810	0.23	0.169	0.313	0.168	0.168	0.192	0.242	0.086	0.267	0.284	0.313	0.17	0.269	0.19	0.27	0.096	0.261	0.245	0.313	0.178	0.232	0.195	0.287	0.09
825	0.234	0.17	0.313	0.168	0.168	0.193	0.237	0.085	0.272	0.282	0.315	0.17	0.265	0.192	0.273	0.095	0.265	0.238	0.315	0.178	0.234	0.195	0.289	0.09
840	0.239	0.169	0.31	0.168	0.168	0.194	0.237	0.085	0.277	0.284	0.315	0.172	0.264	0.192	0.27	0.095	0.269	0.237	0.315	0.179	0.231	0.195	0.288	0.09
855	0.244	0.17	0.31	0.168	0.168	0.194	0.239	0.085	0.281	0.283	0.316	0.172	0.253	0.192	0.267	0.095	0.275	0.231	0.315	0.179	0.228	0.196	0.287	0.09
870	0.248	0.17	0.313	0.168	0.168	0.194	0.237	0.085	0.285	0.284	0.317	0.171	0.257	0.192	0.265	0.096	0.281	0.227	0.313	0.179	0.231	0.196	0.284	0.09
885	0.254	0.17	0.31	0.168	0.167	0.195	0.235	0.084	0.288	0.285	0.317	0.172	0.256	0.194	0.266	0.095	0.285	0.223	0.314	0.179	0.229	0.198	0.288	0.09
900	0.259	0.171	0.309	0.167	0.166	0.196	0.235	0.084	0.292	0.283	0.316	0.171	0.25	0.194	0.266	0.095	0.289	0.222	0.315	0.179	0.229	0.197	0.288	0.09
915	0.263	0.171	0.308	0.168	0.166	0.196	0.235	0.084	0.296	0.284	0.317	0.173	0.253	0.194	0.263	0.096	0.292	0.221	0.313	0.179	0.23	0.198	0.286	0.09
930	0.267	0.171	0.308	0.167	0.166	0.197	0.233	0.084	0.299	0.283	0.314	0.176	0.249	0.195	0.265	0.095	0.296	0.22	0.314	0.18	0.231	0.198	0.284	0.09
945	0.271	0.172	0.307	0.168	0.165	0.197	0.234	0.084	0.302	0.282	0.313	0.18	0.247	0.194	0.267	0.096	0.299	0.216	0.315	0.179	0.231	0.2	0.287	0.09
960	0.273	0.173	0.304	0.166	0.165	0.197	0.232	0.084	0.304	0.279	0.312	0.183	0.247	0.195	0.267	0.095	0.302	0.212	0.31	0.179	0.232	0.199	0.29	0.09
975	0.274	0.174	0.304	0.167	0.164	0.198	0.233	0.084	0.305	0.282	0.31	0.193	0.246	0.196	0.267	0.095	0.305	0.211	0.309	0.18	0.231	0.201	0.289	0.09
990	0.277	0.173	0.303	0.167	0.164	0.199	0.23	0.084	0.306	0.279	0.309	0.2	0.244	0.197	0.266	0.095	0.309	0.209	0.308	0.181	0.235	0.202	0.291	0.09
1005	0.278	0.174	0.301	0.167	0.164	0.199	0.228	0.084	0.307	0.279	0.308	0.202	0.239	0.197	0.268	0.095	0.31	0.213	0.308	0.181	0.236	0.203	0.294	0.09
1020	0.276	0.173	0.3	0.167	0.163	0.199	0.228	0.084	0.308	0.278	0.311	0.207	0.239	0.198	0.268	0.095	0.312	0.213	0.308	0.182	0.234	0.205	0.293	0.09
1035	0.278	0.173	0.299	0.167	0.163	0.2	0.226	0.084	0.311	0.277	0.313	0.215	0.24	0.198	0.267	0.094	0.314	0.211	0.306	0.184	0.237	0.206	0.293	0.09
1050	0.277	0.177	0.296	0.166	0.162	0.2	0.226	0.084	0.312	0.282	0.311	0.217	0.242	0.199	0.269	0.094	0.314	0.212	0.304	0.183	0.237	0.207	0.292	0.089
1065	0.274	0.178	0.295	0.166	0.162	0.2	0.226	0.083	0.312	0.283	0.312	0.224	0.24	0.199	0.269	0.094	0.315	0.208	0.304	0.185	0.236	0.208	0.29	0.089
1080	0.275	0.179	0.294	0.165	0.163	0.201	0.226	0.084	0.316	0.274	0.314	0.232	0.238	0.2	0.27	0.094	0.316	0.213	0.306	0.185	0.236	0.21	0.294	0.089
1095	0.272	0.183	0.291	0.165	0.162	0.202	0.226	0.084	0.316	0.274	0.313	0.238	0.238	0.201	0.273	0.093	0.316	0.21	0.302	0.187	0.234	0.213	0.296	0.089
1110	0.268	0.187	0.292	0.164	0.163	0.202	0.224	0.084	0.314	0.274	0.315	0.246	0.233	0.201	0.274	0.093	0.318	0.212	0.301	0.189	0.23	0.214	0.293	0.088
1125	0.268	0.19	0.289	0.164	0.163	0.203	0.224	0.083	0.318	0.271	0.311	0.254	0.234	0.202	0.273	0.093	0.32	0.213	0.302	0.19	0.232	0.214	0.298	0.088
1140	0.266	0.193	0.286	0.163	0.162	0.203	0.221	0.084	0.32	0.267	0.309	0.257	0.236	0.202	0.273	0.093	0.323	0.214	0.299	0.193	0.229	0.214	0.296	0.088
1155	0.263	0.199	0.285	0.163	0.162	0.203	0.223	0.083	0.32	0.27	0.307	0.255	0.232	0.202	0.273	0.093	0.323	0.21	0.302	0.195	0.226	0.214	0.293	0.088
1170	0.263	0.201	0.286	0.163	0.162	0.205	0.223	0.084	0.329	0.274	0.306	0.258	0.23	0.204	0.273	0.093	0.324	0.214	0.305	0.199	0.224	0.219	0.292	0.088
1185	0.26	0.207	0.282	0.163	0.162	0.205	0.223	0.083	0.332	0.276	0.302	0.255	0.23	0.205	0.273	0.092	0.324	0.212	0.305	0.204	0.224	0.219	0.289	0.088
1200	0.257	0.206	0.282	0.163	0.161	0.205	0.222	0.083	0.336	0.275	0.302	0.256	0.23	0.205	0.273	0.092	0.325	0.217	0.307	0.208	0.222	0.22	0.29	0.088
1215	0.261	0.21	0.28	0.163	0.161	0.205	0.222	0.083	0.352	0.272	0.299	0.254	0.228	0.205	0.273	0.092	0.331	0.218	0.305	0.216	0.22	0.219	0.292	0.088
1230	0.258	0.212	0.277	0.161	0.16	0.205	0.221	0.083	0.358	0.27	0.297	0.25	0.228	0.204	0.274	0.092	0.331	0.215	0.302	0.218	0.22	0.22	0.291	0.088
1245	0.256	0.215	0.28	0.161	0.159	0.206	0.223	0.083	0.363	0.272	0.301	0.252	0.229	0.205	0.273	0.092	0.332	0.219	0.307	0.221	0.222	0.222	0.287	0.088
1260	0.258	0.216	0.278	0.16	0.159	0.206	0.22	0.083	0.374	0.271	0.302	0.25	0.228	0.206	0.274	0.092	0.336	0.219	0.305	0.223	0.223	0.225	0.289	0.088
1275	0.257	0.219	0.276	0.161	0.159	0.206	0.22	0.083	0.378	0.267	0.3	0.247	0.227	0.205	0.273	0.092	0.337	0.215	0.305	0.225	0.22	0.224	0.287	0.088
1290	0.261	0.223	0.275	0.162	0.158	0.205	0.217	0.083	0.389	0.27	0.301	0.247	0.223	0.205	0.269	0.092	0.343	0.214	0.305	0.225	0.222	0.225	0.288	0.088
1305	0.264	0.225	0.276	0.164	0.158	0.206	0.217	0.084	0.397	0.271	0.302	0.249	0.225	0.206	0.272	0.092	0.349	0.214	0.306	0.226	0.225	0.227	0.288	0.088
1320	0.263	0.226	0.274	0.164	0.157	0.207	0.216	0.083	0.4	0.268	0.299	0.246	0.223	0.207	0.27	0.092	0.351	0.217	0.303	0.226	0.222	0.229	0.288	0.088
1335	0.265	0.232	0.274	0.164	0.156	0.206	0.215	0.083	0.403	0.271	0.3	0.249	0.221	0.207	0.269	0.092	0.353	0.213	0.302	0.231	0.217	0.227	0.29	0.088
1350	0.27	0.23	0.271	0.167	0.155	0.207	0.216	0.083	0.411	0.271	0.298	0.248	0.22	0.207	0.274	0.092	0.359	0.212	0.299	0.232	0.219	0.229	0.292	0.088
1365	0.278	0.231	0.269	0.169	0.154	0.206	0.215	0.083	0.417	0.269	0.296	0.246	0.22	0.207	0.269	0.092	0.363	0.209	0.298	0.233	0.224	0.228	0.291	0.088
1380	0.276	0.232	0.267	0.167	0.155	0.205	0.213	0.083	0.42	0.267	0.293	0.243	0.22	0.206	0.272	0.092	0.364	0.211	0.296	0.232	0.224	0.228	0.288	0.088
1395	0.285	0.233	0.268	0.166	0.154	0.206	0.215	0.083	0.421	0.268	0.293	0.243	0.221	0.208	0.274	0.092	0.368	0.21	0.297	0.232	0.222	0.232	0.288	0.088
1410	0.283	0.229	0.268	0.166	0.153	0.206	0.214	0.083	0.42	0.271	0.294	0.241	0.221	0.207	0.273	0.092	0.37	0.21	0.298	0.234	0.223	0.23	0.292	0.088
1425	0.283	0.228	0.267	0.165	0.153	0.206	0.212	0.083	0.418	0.273	0.293	0.241	0.218	0.207	0.274	0.092	0.372	0.214	0.299	0.234	0.221	0.23	0.291	0.088
1440	0.288	0.23	0.265	0.169	0.152	0.206	0.211	0.083	0.418	0.271	0.29	0.24	0.219	0.207	0.275	0.092	0.376	0.212	0.296	0.239	0.221	0.23	0.291	0.088