time	A7	B7	C7	D7	E7	F7	G7	H7	A8	B8	C8	D8	E8	F8	G8	H8	A9	B9	C9	D9	E9	F9	G9	H9
0	0.094	0.082	0.103	0.082	0.103	0.079	0.093	0.052	0.098	0.082	0.106	0.084	0.1	0.076	0.094	0.051	0.097	0.087	0.106	0.085	0.102	0.076	0.095	0.05
15	0.089	0.079	0.097	0.081	0.102	0.076	0.09	0.052	0.093	0.079	0.1	0.082	0.1	0.073	0.089	0.051	0.092	0.084	0.099	0.083	0.101	0.072	0.09	0.05
30	0.087	0.078	0.093	0.081	0.101	0.075	0.088	0.052	0.092	0.078	0.095	0.082	0.097	0.072	0.087	0.051	0.095	0.083	0.096	0.083	0.098	0.072	0.089	0.05
45	0.085	0.078	0.09	0.078	0.099	0.074	0.086	0.052	0.091	0.078	0.093	0.08	0.095	0.072	0.086	0.051	0.089	0.082	0.092	0.08	0.097	0.071	0.088	0.05
60	0.088	0.077	0.09	0.078	0.097	0.073	0.085	0.052	0.089	0.077	0.092	0.079	0.094	0.07	0.084	0.051	0.087	0.082	0.092	0.08	0.096	0.07	0.086	0.05
75	0.087	0.077	0.089	0.077	0.096	0.072	0.084	0.052	0.088	0.077	0.091	0.078	0.093	0.07	0.084	0.051	0.087	0.082	0.091	0.079	0.095	0.069	0.086	0.05
90	0.085	0.077	0.089	0.077	0.095	0.072	0.084	0.052	0.087	0.077	0.091	0.078	0.092	0.07	0.083	0.051	0.086	0.082	0.091	0.078	0.094	0.069	0.086	0.05
105	0.085	0.077	0.089	0.076	0.094	0.072	0.083	0.052	0.087	0.077	0.091	0.077	0.091	0.069	0.082	0.051	0.085	0.081	0.091	0.078	0.093	0.069	0.085	0.05
120	0.084	0.077	0.089	0.076	0.094	0.072	0.083	0.052	0.087	0.077	0.091	0.077	0.091	0.069	0.082	0.051	0.085	0.081	0.091	0.077	0.093	0.069	0.084	0.05
135	0.084	0.077	0.089	0.075	0.093	0.072	0.082	0.052	0.086	0.077	0.09	0.076	0.091	0.069	0.082	0.051	0.084	0.081	0.09	0.077	0.092	0.069	0.084	0.05
150	0.084	0.077	0.089	0.075	0.092	0.072	0.082	0.052	0.086	0.076	0.09	0.076	0.089	0.069	0.081	0.051	0.084	0.081	0.09	0.077	0.091	0.068	0.084	0.05
165	0.083	0.076	0.089	0.075	0.091	0.071	0.081	0.052	0.086	0.076	0.09	0.076	0.089	0.069	0.081	0.051	0.083	0.081	0.09	0.076	0.091	0.068	0.084	0.05
180	0.082	0.076	0.089	0.075	0.091	0.072	0.081	0.052	0.085	0.075	0.09	0.075	0.089	0.069	0.081	0.051	0.084	0.08	0.09	0.076	0.09	0.068	0.083	0.05
195	0.082	0.076	0.089	0.075	0.09	0.072	0.081	0.052	0.085	0.076	0.091	0.075	0.089	0.069	0.08	0.051	0.083	0.08	0.09	0.076	0.091	0.068	0.082	0.05
210	0.082	0.075	0.088	0.075	0.09	0.072	0.08	0.052	0.085	0.075	0.09	0.075	0.088	0.068	0.079	0.051	0.082	0.08	0.09	0.076	0.089	0.068	0.082	0.05
225	0.082	0.075	0.089	0.075	0.09	0.071	0.079	0.052	0.085	0.075	0.09	0.075	0.087	0.068	0.079	0.051	0.082	0.08	0.09	0.075	0.089	0.068	0.081	0.05
240	0.081	0.075	0.089	0.074	0.09	0.071	0.079	0.052	0.085	0.074	0.09	0.075	0.088	0.068	0.079	0.05	0.082	0.079	0.089	0.075	0.09	0.068	0.081	0.05
255	0.082	0.074	0.089	0.074	0.089	0.071	0.079	0.052	0.084	0.074	0.09	0.075	0.087	0.068	0.078	0.051	0.082	0.079	0.089	0.075	0.089	0.068	0.081	0.05
270	0.081	0.074	0.089	0.074	0.089	0.071	0.078	0.052	0.084	0.074	0.089	0.074	0.087	0.068	0.078	0.05	0.081	0.078	0.089	0.075	0.089	0.068	0.08	0.05
285	0.08	0.074	0.088	0.074	0.089	0.071	0.078	0.052	0.083	0.074	0.089	0.074	0.087	0.068	0.077	0.051	0.08	0.077	0.089	0.074	0.089	0.068	0.079	0.05
300	0.08	0.073	0.089	0.074	0.089	0.071	0.077	0.052	0.084	0.073	0.089	0.075	0.086	0.068	0.077	0.051	0.08	0.077	0.088	0.075	0.089	0.068	0.079	0.05
315	0.08	0.073	0.089	0.073	0.088	0.071	0.077	0.052	0.083	0.073	0.089	0.075	0.086	0.068	0.077	0.05	0.08	0.077	0.088	0.074	0.088	0.068	0.078	0.05
330	0.08	0.073	0.089	0.073	0.089	0.07	0.077	0.052	0.083	0.073	0.089	0.074	0.086	0.068	0.076	0.051	0.08	0.076	0.088	0.074	0.088	0.068	0.078	0.05
345	0.08	0.072	0.088	0.073	0.088	0.07	0.077	0.052	0.084	0.072	0.089	0.074	0.086	0.068	0.076	0.05	0.079	0.076	0.087	0.073	0.088	0.068	0.078	0.05
360	0.082	0.072	0.089	0.073	0.088	0.07	0.076	0.052	0.082	0.072	0.089	0.074	0.085	0.068	0.076	0.051	0.079	0.075	0.088	0.074	0.087	0.067	0.078	0.05
375	0.081	0.071	0.089	0.074	0.088	0.07	0.076	0.052	0.084	0.072	0.089	0.073	0.086	0.068	0.075	0.05	0.079	0.075	0.088	0.074	0.087	0.067	0.077	0.05
390	0.081	0.071	0.09	0.073	0.087	0.07	0.075	0.052	0.082	0.071	0.089	0.073	0.085	0.068	0.075	0.051	0.078	0.075	0.087	0.074	0.087	0.067	0.077	0.05
405	0.082	0.071	0.088	0.073	0.087	0.07	0.075	0.052	0.082	0.071	0.089	0.073	0.084	0.067	0.075	0.051	0.078	0.075	0.086	0.073	0.087	0.067	0.077	0.05
420	0.082	0.071	0.089	0.072	0.087	0.07	0.075	0.052	0.082	0.071	0.089	0.073	0.084	0.067	0.075	0.05	0.078	0.074	0.086	0.073	0.086	0.067	0.077	0.05
435	0.08	0.071	0.089	0.072	0.086	0.07	0.075	0.052	0.082	0.07	0.088	0.073	0.085	0.067	0.075	0.05	0.078	0.074	0.085	0.073	0.085	0.067	0.077	0.05
450	0.082	0.071	0.088	0.072	0.087	0.07	0.074	0.052	0.084	0.07	0.088	0.072	0.084	0.067	0.074	0.05	0.077	0.074	0.085	0.073	0.086	0.067	0.076	0.05
465	0.08	0.071	0.09	0.072	0.086	0.07	0.074	0.052	0.083	0.07	0.087	0.072	0.084	0.067	0.074	0.051	0.076	0.073	0.085	0.072	0.085	0.067	0.076	0.05
480	0.082	0.07	0.09	0.071	0.087	0.07	0.074	0.052	0.083	0.07	0.087	0.071	0.084	0.067	0.073	0.05	0.077	0.073	0.084	0.072	0.085	0.066	0.076	0.05
495	0.082	0.071	0.09	0.071	0.086	0.069	0.074	0.052	0.083	0.07	0.088	0.071	0.083	0.067	0.074	0.051	0.076	0.073	0.085	0.072	0.085	0.066	0.075	0.05
510	0.084	0.07	0.09	0.071	0.086	0.069	0.074	0.052	0.084	0.071	0.087	0.071	0.084	0.067	0.074	0.05	0.076	0.072	0.085	0.072	0.085	0.066	0.075	0.05
525	0.084	0.07	0.089	0.071	0.085	0.069	0.073	0.052	0.084	0.07	0.086	0.071	0.084	0.066	0.073	0.05	0.076	0.072	0.084	0.071	0.084	0.066	0.075	0.05
540	0.084	0.069	0.088	0.071	0.085	0.069	0.073	0.052	0.082	0.069	0.087	0.071	0.083	0.066	0.073	0.05	0.076	0.072	0.083	0.071	0.084	0.066	0.074	0.05
555	0.083	0.069	0.088	0.071	0.084	0.069	0.073	0.052	0.082	0.069	0.087	0.071	0.083	0.066	0.072	0.05	0.075	0.072	0.083	0.071	0.083	0.066	0.074	0.05
570	0.083	0.07	0.089	0.071	0.084	0.069	0.073	0.052	0.082	0.068	0.086	0.071	0.082	0.066	0.072	0.05	0.075	0.072	0.083	0.071	0.083	0.066	0.074	0.05
585	0.082	0.069	0.087	0.07	0.083	0.069	0.072	0.052	0.081	0.068	0.086	0.07	0.081	0.066	0.072	0.05	0.075	0.071	0.082	0.071	0.082	0.066	0.074	0.05
600	0.081	0.07	0.088	0.07	0.083	0.068	0.072	0.052	0.08	0.068	0.086	0.07	0.082	0.066	0.072	0.05	0.074	0.071	0.082	0.07	0.083	0.066	0.074	0.05
615	0.081	0.07	0.088	0.07	0.083	0.068	0.072	0.052	0.081	0.068	0.085	0.069	0.081	0.066	0.072	0.05	0.074	0.071	0.082	0.07	0.083	0.066	0.074	0.05
630	0.081	0.069	0.087	0.07	0.083	0.068	0.072	0.052	0.082	0.068	0.084	0.07	0.081	0.066	0.071	0.05	0.074	0.071	0.082	0.07	0.082	0.066	0.073	0.05
645	0.08	0.069	0.087	0.069	0.082	0.068	0.071	0.052	0.082	0.068	0.083	0.069	0.081	0.065	0.071	0.05	0.074	0.071	0.081	0.07	0.082	0.065	0.073	0.05
660	0.08	0.069	0.086	0.069	0.082	0.068	0.071	0.052	0.08	0.067	0.083	0.069	0.08	0.066	0.071	0.05	0.074	0.07	0.08	0.07	0.081	0.065	0.073	0.05
675	0.081	0.069	0.087	0.069	0.082	0.068	0.071	0.052	0.08	0.067	0.084	0.069	0.08	0.065	0.071	0.05	0.073	0.07	0.081	0.069	0.081	0.065	0.073	0.05
690	0.079	0.068	0.086	0.068	0.081	0.068	0.071	0.052	0.08	0.067	0.083	0.069	0.079	0.065	0.071	0.05	0.073	0.07	0.08	0.07	0.08	0.065	0.073	0.05
705	0.08	0.068	0.087	0.068	0.081	0.067	0.071	0.052	0.081	0.067	0.083	0.068	0.079	0.065	0.07	0.05	0.073	0.07	0.079	0.069	0.08	0.065	0.072	0.05
720	0.081	0.068	0.085	0.068	0.081	0.067	0.07	0.052	0.081	0.067	0.082	0.069	0.078	0.065	0.07	0.05	0.073	0.07	0.079	0.069	0.08	0.065	0.072	0.05
735	0.08	0.068	0.085	0.069	0.081	0.067	0.07	0.052	0.081	0.067	0.082	0.068	0.078	0.065	0.07	0.05	0.072	0.069	0.079	0.069	0.079	0.065	0.072	0.05
750	0.081	0.068	0.084	0.068	0.081	0.067	0.07	0.052	0.081	0.066	0.082	0.068	0.079	0.064	0.07	0.05	0.073	0.069	0.079	0.069	0.078	0.064	0.072	0.05
765	0.083	0.067	0.084	0.068	0.08	0.067	0.07	0.052	0.081	0.066	0.082	0.068	0.078	0.064	0.069	0.05	0.072	0.069	0.078	0.068	0.079	0.064	0.072	0.05
780	0.08	0.067	0.083	0.069	0.079	0.067	0.07	0.051	0.082	0.067	0.081	0.068	0.078	0.064	0.069	0.05	0.072	0.069	0.078	0.068	0.078	0.064	0.072	0.05
795	0.08	0.068	0.084	0.068	0.079	0.066	0.07	0.052	0.081	0.066	0.081	0.067	0.077	0.064	0.069	0.05	0.072	0.069	0.078	0.068	0.078	0.064	0.072	0.05
810	0.081	0.068	0.083	0.068	0.079	0.066	0.069	0.052	0.082	0.066	0.081	0.067	0.076	0.064	0.069	0.05	0.071	0.069	0.078	0.068	0.078	0.063	0.071	0.05
825	0.081	0.068	0.085	0.067	0.079	0.066	0.069	0.051	0.079	0.066	0.081	0.067	0.076	0.064	0.068	0.05	0.071	0.068	0.078	0.068	0.078	0.064	0.071	0.05
840	0.081	0.068	0.084	0.067	0.078	0.066	0.069	0.052	0.08	0.066	0.081	0.067	0.076	0.063	0.068	0.05	0.071	0.069	0.077	0.068	0.077	0.063	0.071	0.05
855	0.08	0.067	0.083	0.067	0.078	0.066	0.069	0.051	0.08	0.066	0.081	0.067	0.076	0.063	0.068	0.05	0.071	0.068	0.077	0.067	0.077	0.063	0.071	0.05
870	0.081	0.067	0.084	0.067	0.078	0.066	0.069	0.051	0.079	0.066	0.081	0.067	0.075	0.063	0.068	0.05	0.07	0.068	0.076	0.067	0.077	0.063	0.071	0.05
885	0.081	0.067	0.084	0.067	0.077	0.066	0.068	0.051	0.078	0.066	0.081	0.067	0.075	0.063	0.068	0.05	0.07	0.068	0.076	0.067	0.076	0.063	0.07	0.05
900	0.083	0.067	0.084	0.068	0.077	0.066	0.068	0.051	0.078	0.066	0.08	0.067	0.074	0.063	0.068	0.05	0.07	0.068	0.076	0.067	0.076	0.063	0.07	0.05
915	0.081	0.067	0.083	0.067	0.077	0.065	0.068	0.051	0.077	0.065	0.08	0.066	0.074	0.063	0.068	0.05	0.069	0.068	0.076	0.067	0.076	0.063	0.07	0.05
930	0.081	0.067	0.083	0.066	0.077	0.065	0.068	0.051	0.078	0.065	0.08	0.066	0.074	0.063	0.067	0.05	0.069	0.068	0.075	0.067	0.075	0.062	0.07	0.05
945	0.08	0.066	0.081	0.066	0.076	0.065	0.068	0.051	0.078	0.065	0.08	0.066	0.074	0.063	0.067	0.05	0.069	0.068	0.075	0.067	0.075	0.062	0.07	0.05
960	0.081	0.066	0.08	0.066	0.076	0.065	0.068	0.051	0.078	0.065	0.079	0.066	0.073	0.062	0.067	0.05	0.069	0.068	0.075	0.066	0.075	0.062	0.07	0.05
975	0.08	0.067	0.08	0.067	0.076	0.065	0.068	0.051	0.078	0.065	0.079	0.067	0.073	0.062	0.067	0.05	0.069	0.067	0.075	0.067	0.075	0.062	0.069	0.05
990	0.079	0.066	0.08	0.066	0.076	0.065	0.067	0.051	0.077	0.064	0.078	0.066	0.073	0.062	0.067	0.05	0.069	0.067	0.074	0.066	0.074	0.062	0.07	0.05
1005	0.08	0.065	0.08	0.067	0.076	0.065	0.067	0.051	0.076	0.065	0.078	0.066	0.073	0.062	0.066	0.05	0.069	0.067	0.074	0.066	0.075	0.062	0.069	0.05
1020	0.079	0.066	0.081	0.066	0.075	0.064	0.067	0.051	0.077	0.064	0.078	0.065	0.072	0.062	0.066	0.05	0.068	0.067	0.074	0.066	0.074	0.062	0.069	0.05
1035	0.078	0.066	0.079	0.066	0.075	0.064	0.067	0.051	0.075	0.065	0.077	0.065	0.072	0.062	0.066	0.049	0.068	0.067	0.074	0.066	0.074	0.062	0.069	0.05
1050	0.077	0.065	0.079	0.066	0.075	0.064	0.066	0.051	0.076	0.064	0.077	0.065	0.072	0.062	0.066	0.05	0.068	0.066	0.074	0.065	0.074	0.061	0.069	0.05
1065	0.077	0.065	0.08	0.066	0.075	0.064	0.066	0.051	0.075	0.064	0.078	0.065	0.072	0.061	0.065	0.05	0.068	0.067	0.073	0.065	0.073	0.061	0.068	0.05
1080	0.077	0.065	0.078	0.066	0.074	0.064	0.066	0.051	0.074	0.064	0.077	0.065	0.071	0.061	0.065	0.05	0.067	0.067	0.073	0.065	0.073	0.061	0.069	0.05
1095	0.077	0.065	0.077	0.066	0.074	0.064	0.066	0.051	0.074	0.064	0.077	0.065	0.071	0.061	0.065	0.05	0.067	0.066	0.073	0.065	0.073	0.061	0.068	0.051
1110	0.077	0.065	0.077	0.065	0.074	0.064	0.065	0.051	0.074	0.063	0.076	0.064	0.071	0.061	0.065	0.049	0.067	0.066	0.072	0.065	0.073	0.061	0.068	0.049
1125	0.078	0.065	0.076	0.065	0.074	0.063	0.065	0.051	0.074	0.063	0.076	0.064	0.071	0.061	0.065	0.049	0.067	0.066	0.072	0.065	0.072	0.061	0.068	0.05
1140	0.079	0.065	0.076	0.065	0.073	0.063	0.065	0.051	0.073	0.063	0.076	0.064	0.071	0.061	0.064	0.049	0.067	0.066	0.072	0.065	0.072	0.061	0.068	0.05
1155	0.078	0.065	0.076	0.064	0.073	0.063	0.065	0.051	0.073	0.063	0.075	0.064	0.07	0.061	0.064	0.049	0.067	0.066	0.072	0.064	0.072	0.061	0.067	0.049
1170	0.077	0.065	0.077	0.064	0.073	0.063	0.064	0.051	0.073	0.063	0.076	0.064	0.07	0.06	0.064	0.049	0.067	0.066	0.072	0.065	0.072	0.06	0.067	0.049
1185	0.076	0.065	0.076	0.064	0.073	0.063	0.064	0.051	0.072	0.063	0.075	0.064	0.07	0.06	0.064	0.049	0.067	0.066	0.071	0.064	0.072	0.06	0.067	0.05
1200	0.078	0.064	0.077	0.063	0.073	0.063	0.064	0.051	0.072	0.063	0.074	0.064	0.069	0.06	0.063	0.049	0.067	0.066	0.071	0.064	0.071	0.06	0.067	0.05
1215	0.076	0.064	0.076	0.064	0.072	0.063	0.064	0.051	0.071	0.063	0.074	0.063	0.069	0.06	0.063	0.049	0.067	0.066	0.071	0.065	0.071	0.06	0.067	0.05
1230	0.074	0.063	0.076	0.064	0.072	0.063	0.063	0.051	0.071	0.062	0.073	0.063	0.069	0.06	0.063	0.049	0.066	0.066	0.071	0.065	0.071	0.06	0.067	0.049
1245	0.075	0.064	0.075	0.064	0.072	0.063	0.063	0.053	0.071	0.062	0.073	0.063	0.069	0.06	0.062	0.05	0.066	0.066	0.072	0.064	0.071	0.06	0.066	0.05
1260	0.074	0.064	0.074	0.063	0.072	0.062	0.062	0.078	0.071	0.062	0.073	0.063	0.069	0.06	0.062	0.05	0.066	0.065	0.072	0.064	0.071	0.06	0.066	0.051
1275	0.074	0.064	0.074	0.063	0.072	0.062	0.062	0.085	0.07	0.062	0.073	0.063	0.068	0.06	0.062	0.049	0.066	0.065	0.071	0.064	0.071	0.06	0.066	0.05
1290	0.074	0.063	0.074	0.063	0.072	0.062	0.062	0.095	0.07	0.062	0.072	0.063	0.068	0.06	0.062	0.05	0.066	0.065	0.071	0.064	0.071	0.06	0.066	0.051
1305	0.074	0.063	0.073	0.063	0.071	0.062	0.061	0.1	0.07	0.062	0.072	0.063	0.068	0.06	0.061	0.051	0.065	0.065	0.071	0.064	0.07	0.06	0.065	0.051
1320	0.073	0.063	0.073	0.063	0.071	0.062	0.061	0.094	0.07	0.062	0.072	0.063	0.068	0.059	0.061	0.052	0.065	0.064	0.07	0.064	0.07	0.06	0.065	0.05
1335	0.072	0.062	0.073	0.062	0.071	0.062	0.061	0.093	0.07	0.062	0.072	0.063	0.068	0.059	0.061	0.051	0.065	0.064	0.07	0.064	0.07	0.059	0.066	0.051
1350	0.074	0.062	0.072	0.062	0.071	0.062	0.06	0.092	0.07	0.062	0.072	0.062	0.068	0.059	0.06	0.046	0.064	0.064	0.07	0.063	0.07	0.059	0.064	0.052
1365	0.072	0.062	0.072	0.062	0.071	0.062	0.06	0.092	0.069	0.061	0.071	0.062	0.067	0.059	0.06	0.043	0.064	0.064	0.07	0.063	0.07	0.059	0.064	0.052
1380	0.073	0.062	0.072	0.062	0.071	0.061	0.06	0.095	0.069	0.061	0.071	0.062	0.067	0.059	0.059	0.042	0.064	0.064	0.069	0.063	0.07	0.059	0.064	0.057
1395	0.072	0.062	0.071	0.062	0.071	0.061	0.059	0.097	0.069	0.061	0.071	0.062	0.067	0.059	0.059	0.041	0.064	0.065	0.069	0.063	0.07	0.059	0.064	0.056
1410	0.072	0.063	0.071	0.062	0.07	0.061	0.059	0.11	0.069	0.061	0.071	0.062	0.067	0.059	0.059	0.041	0.064	0.064	0.07	0.063	0.069	0.059	0.063	0.05
1425	0.07	0.062	0.071	0.062	0.07	0.061	0.058	0.151	0.068	0.061	0.071	0.062	0.067	0.058	0.058	0.041	0.063	0.063	0.069	0.063	0.069	0.059	0.063	0.046
1440	0.071	0.062	0.071	0.062	0.07	0.061	0.058	0.156	0.068	0.061	0.07	0.062	0.067	0.058	0.058	0.041	0.063	0.064	0.069	0.063	0.069	0.059	0.063	0.044