time	A4	B4	C4	D4	E4	F4	G4	H4	A5	B5	C5	D5	E5	F5	G5	H5	A6	B6	C6	D6	E6	F6	G6	H6
0	0.094	0.082	0.107	0.085	0.099	0.08	0.092	0.049	0.096	0.085	0.108	0.085	0.101	0.146	0.094	0.05	0.098	0.083	0.106	0.084	0.101	0.083	0.093	0.049
15	0.091	0.08	0.102	0.083	0.096	0.077	0.095	0.049	0.095	0.082	0.104	0.083	0.099	0.166	0.096	0.05	0.096	0.08	0.102	0.082	0.101	0.079	0.093	0.049
30	0.091	0.079	0.1	0.083	0.096	0.076	0.089	0.049	0.093	0.082	0.102	0.082	0.098	0.169	0.091	0.05	0.095	0.079	0.1	0.081	0.098	0.08	0.09	0.049
45	0.093	0.078	0.099	0.082	0.095	0.075	0.088	0.049	0.094	0.081	0.1	0.082	0.097	0.174	0.09	0.05	0.094	0.079	0.099	0.081	0.096	0.08	0.089	0.049
60	0.092	0.078	0.098	0.081	0.093	0.075	0.087	0.049	0.097	0.081	0.1	0.081	0.096	0.177	0.09	0.05	0.098	0.079	0.098	0.081	0.095	0.08	0.088	0.049
75	0.091	0.078	0.098	0.08	0.092	0.075	0.087	0.049	0.093	0.081	0.099	0.08	0.095	0.175	0.089	0.05	0.096	0.079	0.098	0.08	0.094	0.08	0.088	0.049
90	0.09	0.077	0.097	0.08	0.092	0.075	0.086	0.049	0.094	0.08	0.099	0.08	0.094	0.177	0.089	0.05	0.095	0.079	0.097	0.079	0.093	0.08	0.088	0.049
105	0.089	0.077	0.097	0.079	0.091	0.075	0.086	0.049	0.093	0.08	0.098	0.079	0.094	0.175	0.088	0.05	0.094	0.078	0.097	0.079	0.093	0.079	0.087	0.049
120	0.088	0.077	0.096	0.079	0.091	0.075	0.086	0.049	0.092	0.08	0.098	0.079	0.093	0.172	0.088	0.05	0.094	0.078	0.097	0.079	0.092	0.079	0.087	0.049
135	0.088	0.077	0.096	0.078	0.09	0.075	0.085	0.049	0.092	0.08	0.097	0.078	0.092	0.175	0.088	0.05	0.094	0.078	0.096	0.078	0.091	0.079	0.086	0.049
150	0.087	0.076	0.096	0.078	0.089	0.075	0.085	0.049	0.092	0.08	0.097	0.078	0.091	0.174	0.087	0.05	0.093	0.078	0.096	0.078	0.09	0.078	0.086	0.049
165	0.087	0.076	0.095	0.078	0.088	0.074	0.084	0.049	0.091	0.079	0.097	0.078	0.091	0.169	0.086	0.05	0.092	0.077	0.096	0.077	0.091	0.078	0.086	0.049
180	0.086	0.076	0.095	0.077	0.088	0.074	0.084	0.049	0.092	0.079	0.097	0.077	0.09	0.169	0.086	0.05	0.092	0.077	0.096	0.077	0.089	0.078	0.085	0.049
195	0.086	0.076	0.094	0.077	0.088	0.074	0.083	0.049	0.091	0.079	0.096	0.077	0.09	0.166	0.086	0.05	0.092	0.077	0.095	0.077	0.089	0.078	0.084	0.049
210	0.086	0.076	0.095	0.077	0.087	0.074	0.083	0.049	0.091	0.079	0.096	0.077	0.09	0.167	0.085	0.05	0.092	0.077	0.095	0.077	0.088	0.077	0.084	0.049
225	0.086	0.076	0.094	0.076	0.086	0.074	0.082	0.049	0.09	0.079	0.096	0.077	0.089	0.166	0.085	0.05	0.092	0.077	0.094	0.077	0.088	0.077	0.084	0.049
240	0.086	0.076	0.095	0.076	0.088	0.074	0.082	0.049	0.088	0.079	0.095	0.076	0.089	0.163	0.084	0.05	0.091	0.077	0.096	0.077	0.087	0.077	0.083	0.049
255	0.085	0.076	0.094	0.076	0.086	0.073	0.081	0.049	0.089	0.079	0.095	0.076	0.089	0.162	0.083	0.05	0.09	0.077	0.094	0.076	0.087	0.076	0.083	0.049
270	0.084	0.075	0.093	0.076	0.087	0.073	0.08	0.049	0.089	0.078	0.095	0.076	0.088	0.161	0.083	0.05	0.091	0.077	0.094	0.076	0.086	0.076	0.082	0.049
285	0.085	0.075	0.092	0.076	0.086	0.073	0.08	0.049	0.089	0.078	0.094	0.076	0.087	0.158	0.083	0.05	0.09	0.076	0.093	0.076	0.086	0.076	0.082	0.049
300	0.084	0.075	0.093	0.075	0.085	0.073	0.079	0.049	0.087	0.078	0.093	0.076	0.087	0.159	0.082	0.05	0.091	0.076	0.094	0.076	0.086	0.075	0.081	0.049
315	0.084	0.075	0.092	0.075	0.085	0.072	0.079	0.049	0.09	0.077	0.093	0.075	0.087	0.158	0.082	0.05	0.091	0.076	0.094	0.076	0.086	0.076	0.08	0.049
330	0.084	0.074	0.091	0.075	0.085	0.072	0.078	0.049	0.089	0.077	0.092	0.075	0.088	0.154	0.081	0.05	0.092	0.076	0.093	0.076	0.086	0.075	0.08	0.049
345	0.083	0.074	0.09	0.075	0.084	0.072	0.078	0.049	0.087	0.077	0.093	0.075	0.086	0.154	0.081	0.05	0.09	0.076	0.092	0.076	0.084	0.075	0.08	0.049
360	0.084	0.073	0.09	0.074	0.084	0.072	0.078	0.049	0.088	0.077	0.092	0.074	0.085	0.153	0.08	0.05	0.091	0.075	0.092	0.075	0.084	0.074	0.079	0.049
375	0.082	0.073	0.09	0.074	0.083	0.071	0.077	0.049	0.088	0.077	0.093	0.074	0.085	0.149	0.08	0.05	0.092	0.075	0.092	0.075	0.084	0.075	0.079	0.049
390	0.081	0.073	0.09	0.074	0.083	0.071	0.077	0.049	0.087	0.076	0.093	0.074	0.085	0.152	0.079	0.05	0.091	0.075	0.092	0.075	0.084	0.074	0.079	0.049
405	0.081	0.073	0.09	0.074	0.082	0.071	0.076	0.049	0.088	0.077	0.092	0.074	0.084	0.151	0.079	0.05	0.09	0.075	0.092	0.074	0.083	0.074	0.078	0.049
420	0.081	0.073	0.091	0.073	0.083	0.071	0.076	0.049	0.088	0.076	0.092	0.074	0.085	0.148	0.079	0.05	0.089	0.076	0.092	0.074	0.085	0.074	0.078	0.049
435	0.08	0.072	0.09	0.073	0.082	0.071	0.076	0.049	0.086	0.076	0.091	0.074	0.084	0.148	0.079	0.05	0.089	0.074	0.092	0.074	0.084	0.073	0.077	0.049
450	0.084	0.072	0.09	0.073	0.082	0.07	0.075	0.049	0.09	0.075	0.09	0.073	0.083	0.146	0.078	0.05	0.092	0.074	0.091	0.074	0.083	0.073	0.077	0.049
465	0.081	0.072	0.09	0.073	0.081	0.07	0.075	0.049	0.088	0.075	0.092	0.073	0.083	0.144	0.078	0.05	0.092	0.074	0.091	0.074	0.083	0.073	0.077	0.049
480	0.08	0.072	0.09	0.073	0.08	0.07	0.074	0.049	0.086	0.075	0.093	0.073	0.083	0.147	0.078	0.05	0.091	0.074	0.091	0.074	0.082	0.073	0.076	0.049
495	0.081	0.071	0.089	0.072	0.08	0.07	0.074	0.049	0.086	0.074	0.092	0.073	0.082	0.144	0.077	0.05	0.09	0.073	0.091	0.073	0.082	0.073	0.076	0.049
510	0.081	0.072	0.087	0.072	0.081	0.07	0.074	0.048	0.088	0.074	0.091	0.073	0.083	0.143	0.077	0.05	0.091	0.074	0.09	0.073	0.082	0.073	0.076	0.049
525	0.08	0.071	0.088	0.072	0.08	0.069	0.073	0.049	0.088	0.074	0.092	0.072	0.082	0.143	0.077	0.05	0.089	0.073	0.091	0.073	0.082	0.072	0.075	0.049
540	0.079	0.07	0.087	0.072	0.079	0.069	0.073	0.049	0.088	0.074	0.091	0.072	0.081	0.141	0.076	0.05	0.089	0.074	0.09	0.073	0.081	0.072	0.075	0.049
555	0.08	0.07	0.087	0.071	0.078	0.069	0.073	0.048	0.089	0.074	0.09	0.072	0.081	0.14	0.076	0.05	0.09	0.073	0.089	0.073	0.082	0.072	0.075	0.049
570	0.081	0.071	0.087	0.071	0.077	0.069	0.072	0.048	0.086	0.074	0.089	0.072	0.081	0.142	0.076	0.05	0.09	0.072	0.09	0.072	0.081	0.072	0.075	0.049
585	0.079	0.07	0.085	0.071	0.077	0.069	0.072	0.048	0.087	0.074	0.089	0.072	0.08	0.14	0.076	0.05	0.089	0.072	0.091	0.073	0.08	0.071	0.074	0.049
600	0.08	0.069	0.085	0.07	0.078	0.068	0.072	0.048	0.085	0.074	0.089	0.072	0.08	0.138	0.075	0.05	0.087	0.073	0.09	0.072	0.08	0.071	0.074	0.049
615	0.08	0.07	0.086	0.07	0.078	0.068	0.072	0.048	0.087	0.073	0.088	0.071	0.079	0.139	0.075	0.05	0.089	0.073	0.089	0.073	0.079	0.071	0.073	0.049
630	0.08	0.069	0.085	0.07	0.077	0.068	0.071	0.048	0.086	0.073	0.088	0.071	0.079	0.138	0.075	0.05	0.091	0.073	0.087	0.073	0.079	0.071	0.073	0.049
645	0.08	0.069	0.085	0.07	0.077	0.068	0.071	0.048	0.085	0.073	0.088	0.071	0.079	0.135	0.075	0.05	0.089	0.073	0.087	0.072	0.079	0.071	0.073	0.049
660	0.078	0.069	0.086	0.07	0.076	0.068	0.07	0.048	0.086	0.072	0.088	0.072	0.078	0.138	0.074	0.05	0.088	0.072	0.087	0.071	0.078	0.07	0.073	0.049
675	0.079	0.069	0.087	0.07	0.075	0.068	0.07	0.048	0.085	0.072	0.088	0.071	0.079	0.136	0.074	0.05	0.09	0.072	0.086	0.072	0.078	0.07	0.072	0.049
690	0.078	0.069	0.086	0.069	0.075	0.067	0.07	0.048	0.085	0.073	0.088	0.07	0.078	0.135	0.074	0.05	0.088	0.073	0.086	0.072	0.078	0.07	0.072	0.048
705	0.078	0.068	0.086	0.069	0.075	0.067	0.069	0.048	0.085	0.074	0.087	0.07	0.078	0.134	0.073	0.05	0.087	0.073	0.087	0.071	0.077	0.07	0.072	0.049
720	0.079	0.068	0.084	0.069	0.075	0.067	0.069	0.048	0.085	0.073	0.086	0.07	0.077	0.134	0.073	0.05	0.088	0.073	0.087	0.073	0.077	0.07	0.071	0.049
735	0.077	0.069	0.083	0.069	0.074	0.067	0.069	0.048	0.086	0.073	0.086	0.07	0.077	0.134	0.073	0.05	0.088	0.072	0.088	0.073	0.076	0.069	0.071	0.049
750	0.077	0.068	0.083	0.069	0.074	0.067	0.068	0.048	0.086	0.072	0.086	0.07	0.077	0.132	0.073	0.051	0.087	0.072	0.087	0.071	0.076	0.069	0.071	0.048
765	0.077	0.068	0.083	0.068	0.073	0.066	0.068	0.048	0.085	0.072	0.086	0.069	0.076	0.132	0.073	0.05	0.089	0.072	0.086	0.071	0.076	0.069	0.07	0.049
780	0.076	0.068	0.082	0.068	0.074	0.066	0.068	0.048	0.086	0.073	0.085	0.071	0.076	0.131	0.072	0.051	0.089	0.071	0.085	0.071	0.076	0.069	0.07	0.048
795	0.076	0.067	0.082	0.068	0.073	0.066	0.067	0.048	0.085	0.072	0.085	0.07	0.076	0.129	0.072	0.05	0.087	0.072	0.085	0.071	0.075	0.069	0.07	0.048
810	0.078	0.067	0.081	0.068	0.073	0.066	0.067	0.048	0.086	0.072	0.086	0.071	0.076	0.13	0.072	0.051	0.089	0.072	0.084	0.07	0.075	0.068	0.07	0.049
825	0.077	0.067	0.081	0.068	0.072	0.066	0.067	0.048	0.082	0.072	0.084	0.071	0.076	0.131	0.072	0.051	0.087	0.07	0.085	0.07	0.074	0.068	0.069	0.048
840	0.077	0.067	0.082	0.068	0.072	0.065	0.066	0.048	0.082	0.071	0.085	0.071	0.075	0.128	0.071	0.051	0.086	0.071	0.085	0.07	0.074	0.068	0.069	0.048
855	0.077	0.067	0.081	0.067	0.072	0.065	0.066	0.048	0.084	0.072	0.084	0.07	0.075	0.129	0.071	0.051	0.087	0.071	0.084	0.071	0.074	0.068	0.069	0.048
870	0.076	0.067	0.08	0.067	0.072	0.065	0.066	0.047	0.083	0.072	0.083	0.069	0.075	0.128	0.071	0.051	0.086	0.071	0.083	0.07	0.074	0.068	0.069	0.048
885	0.077	0.067	0.08	0.067	0.071	0.065	0.065	0.047	0.083	0.071	0.083	0.069	0.074	0.126	0.071	0.051	0.086	0.071	0.083	0.07	0.074	0.068	0.068	0.048
900	0.078	0.066	0.079	0.067	0.071	0.065	0.065	0.048	0.084	0.071	0.084	0.068	0.074	0.127	0.07	0.051	0.087	0.073	0.084	0.07	0.073	0.067	0.068	0.048
915	0.076	0.066	0.079	0.067	0.071	0.065	0.065	0.048	0.082	0.071	0.082	0.068	0.074	0.127	0.07	0.051	0.085	0.072	0.082	0.07	0.073	0.067	0.068	0.048
930	0.075	0.066	0.078	0.066	0.07	0.064	0.064	0.047	0.083	0.071	0.082	0.068	0.074	0.126	0.07	0.051	0.087	0.071	0.083	0.07	0.073	0.067	0.067	0.048
945	0.076	0.066	0.078	0.066	0.07	0.064	0.064	0.047	0.082	0.071	0.083	0.068	0.073	0.126	0.069	0.051	0.086	0.071	0.085	0.07	0.073	0.067	0.067	0.048
960	0.074	0.066	0.078	0.066	0.07	0.064	0.063	0.047	0.083	0.072	0.081	0.068	0.073	0.125	0.069	0.052	0.086	0.071	0.082	0.069	0.072	0.067	0.067	0.048
975	0.074	0.066	0.078	0.066	0.07	0.064	0.063	0.047	0.08	0.071	0.081	0.068	0.073	0.124	0.069	0.052	0.085	0.07	0.083	0.069	0.072	0.067	0.066	0.048
990	0.074	0.066	0.078	0.066	0.07	0.064	0.062	0.047	0.082	0.07	0.081	0.068	0.073	0.124	0.068	0.052	0.086	0.071	0.082	0.068	0.072	0.066	0.066	0.048
1005	0.072	0.065	0.077	0.065	0.069	0.064	0.062	0.048	0.08	0.07	0.081	0.067	0.073	0.124	0.068	0.052	0.083	0.07	0.082	0.068	0.072	0.066	0.066	0.048
1020	0.072	0.066	0.077	0.065	0.069	0.064	0.062	0.05	0.08	0.07	0.081	0.067	0.072	0.123	0.068	0.053	0.082	0.069	0.082	0.068	0.071	0.066	0.066	0.048
1035	0.072	0.065	0.076	0.065	0.069	0.063	0.061	0.047	0.08	0.07	0.08	0.067	0.072	0.123	0.067	0.053	0.083	0.069	0.08	0.068	0.071	0.066	0.065	0.048
1050	0.073	0.065	0.076	0.065	0.069	0.063	0.06	0.056	0.081	0.069	0.079	0.067	0.072	0.122	0.067	0.054	0.085	0.069	0.079	0.068	0.071	0.066	0.065	0.048
1065	0.072	0.065	0.076	0.065	0.068	0.063	0.06	0.071	0.079	0.069	0.08	0.066	0.072	0.12	0.067	0.055	0.085	0.069	0.08	0.068	0.071	0.066	0.064	0.048
1080	0.073	0.065	0.075	0.065	0.068	0.063	0.059	0.074	0.079	0.069	0.079	0.066	0.072	0.122	0.067	0.057	0.082	0.069	0.08	0.068	0.07	0.065	0.064	0.048
1095	0.071	0.065	0.075	0.064	0.068	0.063	0.059	0.077	0.079	0.069	0.079	0.066	0.071	0.121	0.066	0.062	0.083	0.069	0.079	0.067	0.07	0.065	0.064	0.048
1110	0.071	0.065	0.075	0.065	0.068	0.062	0.059	0.073	0.078	0.069	0.078	0.066	0.071	0.119	0.066	0.074	0.083	0.069	0.079	0.067	0.07	0.065	0.064	0.047
1125	0.07	0.065	0.074	0.064	0.067	0.062	0.058	0.067	0.078	0.069	0.078	0.066	0.071	0.12	0.066	0.082	0.082	0.068	0.078	0.067	0.07	0.065	0.063	0.047
1140	0.071	0.064	0.074	0.064	0.067	0.062	0.058	0.064	0.078	0.069	0.078	0.066	0.071	0.119	0.065	0.077	0.083	0.068	0.079	0.067	0.07	0.065	0.063	0.048
1155	0.071	0.064	0.074	0.064	0.067	0.062	0.057	0.064	0.078	0.068	0.077	0.066	0.07	0.118	0.065	0.072	0.082	0.068	0.078	0.067	0.069	0.065	0.062	0.051
1170	0.07	0.065	0.074	0.064	0.067	0.061	0.056	0.069	0.077	0.068	0.077	0.065	0.07	0.116	0.064	0.07	0.082	0.068	0.08	0.066	0.069	0.065	0.062	0.065
1185	0.07	0.064	0.074	0.064	0.066	0.062	0.056	0.072	0.078	0.068	0.076	0.065	0.07	0.118	0.064	0.068	0.081	0.067	0.078	0.066	0.069	0.064	0.062	0.073
1200	0.07	0.064	0.074	0.063	0.066	0.061	0.055	0.074	0.077	0.068	0.076	0.065	0.07	0.116	0.063	0.074	0.08	0.067	0.078	0.066	0.069	0.064	0.061	0.076
1215	0.069	0.064	0.073	0.063	0.066	0.061	0.055	0.074	0.076	0.068	0.077	0.065	0.07	0.115	0.063	0.079	0.079	0.067	0.077	0.066	0.068	0.064	0.061	0.075
1230	0.069	0.064	0.073	0.063	0.066	0.061	0.054	0.073	0.075	0.068	0.076	0.065	0.07	0.115	0.062	0.084	0.079	0.067	0.076	0.065	0.068	0.064	0.06	0.071
1245	0.069	0.064	0.073	0.063	0.066	0.061	0.053	0.077	0.075	0.068	0.076	0.065	0.069	0.114	0.062	0.089	0.079	0.068	0.076	0.066	0.068	0.064	0.06	0.068
1260	0.069	0.063	0.073	0.063	0.065	0.06	0.052	0.078	0.075	0.068	0.076	0.065	0.069	0.113	0.062	0.102	0.079	0.067	0.076	0.065	0.068	0.064	0.059	0.063
1275	0.068	0.063	0.073	0.063	0.065	0.06	0.051	0.083	0.074	0.068	0.076	0.065	0.069	0.113	0.061	0.106	0.077	0.067	0.075	0.065	0.068	0.063	0.059	0.06
1290	0.068	0.063	0.073	0.063	0.065	0.06	0.051	0.085	0.074	0.068	0.075	0.064	0.069	0.112	0.061	0.118	0.077	0.066	0.075	0.065	0.068	0.063	0.059	0.061
1305	0.068	0.063	0.072	0.063	0.064	0.06	0.05	0.091	0.074	0.067	0.075	0.064	0.069	0.111	0.06	0.11	0.077	0.066	0.074	0.064	0.067	0.063	0.058	0.078
1320	0.068	0.063	0.072	0.063	0.064	0.059	0.049	0.096	0.074	0.067	0.075	0.064	0.069	0.109	0.06	0.116	0.078	0.066	0.074	0.064	0.067	0.063	0.058	0.082
1335	0.067	0.063	0.072	0.063	0.064	0.059	0.049	0.099	0.073	0.067	0.075	0.064	0.069	0.109	0.059	0.125	0.076	0.066	0.074	0.064	0.067	0.062	0.057	0.087
1350	0.067	0.063	0.072	0.062	0.064	0.059	0.048	0.101	0.075	0.067	0.075	0.064	0.068	0.108	0.059	0.133	0.077	0.066	0.074	0.064	0.067	0.062	0.056	0.087
1365	0.067	0.063	0.071	0.062	0.063	0.058	0.048	0.104	0.074	0.067	0.074	0.064	0.068	0.106	0.058	0.14	0.076	0.065	0.073	0.064	0.067	0.062	0.056	0.088
1380	0.067	0.063	0.071	0.062	0.063	0.058	0.049	0.106	0.073	0.067	0.074	0.064	0.068	0.105	0.058	0.145	0.076	0.066	0.074	0.064	0.066	0.062	0.055	0.09
1395	0.067	0.063	0.071	0.062	0.063	0.058	0.048	0.109	0.073	0.067	0.074	0.064	0.068	0.106	0.058	0.149	0.076	0.065	0.073	0.063	0.067	0.062	0.055	0.095
1410	0.067	0.062	0.071	0.062	0.062	0.057	0.046	0.111	0.072	0.067	0.074	0.064	0.068	0.104	0.059	0.152	0.076	0.065	0.073	0.063	0.066	0.061	0.054	0.101
1425	0.067	0.062	0.071	0.062	0.062	0.057	0.045	0.112	0.073	0.067	0.074	0.064	0.068	0.102	0.06	0.154	0.075	0.065	0.072	0.063	0.066	0.061	0.054	0.106
1440	0.067	0.062	0.071	0.062	0.062	0.057	0.045	0.113	0.072	0.067	0.074	0.064	0.067	0.101	0.062	0.156	0.075	0.065	0.072	0.063	0.066	0.061	0.053	0.11